[
    10, 
    20, 
    30, 
    40, 
    50, 
    60, 
    70, 
    80, 
    92, 
    100, 
    130, 
    211, 
    220, 
    240, 
    280, 
    300, 
    320, 
    340, 
    360, 
    380, 
    400, 
    420, 
    440, 
    500, 
    550, 
    570, 
    620, 
    630, 
    730, 
    1002, 
    1200, 
    1210, 
    1230, 
    1250, 
    1270, 
    1280, 
    1300, 
    1309, 
    1313, 
    1320, 
    1500, 
    1510, 
    1520, 
    1530, 
    1600, 
    1610, 
    1630, 
    1640, 
    1670, 
    1690, 
    1700, 
    1840, 
    1900, 
    1920, 
    1930, 
    2100, 
    2130, 
    2200, 
    2210, 
    2270, 
    2280, 
    2290, 
    2300, 
    2310, 
    2320, 
    2330, 
    2340, 
    2350, 
    2360, 
    2370, 
    2390, 
    2400, 
    2420, 
    2430, 
    2450, 
    2500, 
    2520, 
    2525, 
    2540, 
    2545, 
    2550, 
    2570, 
    2590, 
    2600, 
    2610, 
    2620, 
    2630, 
    2640, 
    2680, 
    2690, 
    2700, 
    2710, 
    2720, 
    2760, 
    2780, 
    2790, 
    2800, 
    2810, 
    2820, 
    2840, 
    2850, 
    2870, 
    2900, 
    2910, 
    2920, 
    2930, 
    2990, 
    3000, 
    3010, 
    3020, 
    3030, 
    3050, 
    3130, 
    3150, 
    3160, 
    3170, 
    3200, 
    3220, 
    3230, 
    3260, 
    3270, 
    3300, 
    3310, 
    3320, 
    3330, 
    3340, 
    3350, 
    3360, 
    3370, 
    3380, 
    3390, 
    3400, 
    3410, 
    3420, 
    3430, 
    3440, 
    3450, 
    3460, 
    3470, 
    3480, 
    3483, 
    3490, 
    3500, 
    3510, 
    3520, 
    3530, 
    3540, 
    3560, 
    3570, 
    3580, 
    3590, 
    3600, 
    3610, 
    3620, 
    3630, 
    3650, 
    3700, 
    3710, 
    3720, 
    3730, 
    3800, 
    3810, 
    3820, 
    3830, 
    3900, 
    3910, 
    3920, 
    3960, 
    3970, 
    3980, 
    3990, 
    4000, 
    4100, 
    4230, 
    4290, 
    4300, 
    4320, 
    4400, 
    4410, 
    4420, 
    4460, 
    4470, 
    4500, 
    4520, 
    4530, 
    4540, 
    4550, 
    4560, 
    4570, 
    4580, 
    4600, 
    4700, 
    4720, 
    4730, 
    4760, 
    4770, 
    4790, 
    4800, 
    4830, 
    4850, 
    4870, 
    4880, 
    4890, 
    4900, 
    4920, 
    6000, 
    6010, 
    6020, 
    6030, 
    6040, 
    6060, 
    6080, 
    6090, 
    6100, 
    6120, 
    6200, 
    6210, 
    6220, 
    6250, 
    6270, 
    6290, 
    6300, 
    6310, 
    6330, 
    6340, 
    6350, 
    6360, 
    6370, 
    6400, 
    6420, 
    6510, 
    6550, 
    6570, 
    6600, 
    6800, 
    6810, 
    6820, 
    6830, 
    6840, 
    6850, 
    6860, 
    6870, 
    6880, 
    6900, 
    6910, 
    6920, 
    6980, 
    7000, 
    7010, 
    7020, 
    7060, 
    7110, 
    7200, 
    7210, 
    7220, 
    7250, 
    7260, 
    7340, 
    7400, 
    7420, 
    7440, 
    7450, 
    7470, 
    7500, 
    7510, 
    7520, 
    7530, 
    7600, 
    7610, 
    7620, 
    7650, 
    7660, 
    7670, 
    7730, 
    7740, 
    7760, 
    7770, 
    7780, 
    7800, 
    7810, 
    7830, 
    7840, 
    7850, 
    7860, 
    7870, 
    7880, 
    7900, 
    7910, 
    7940, 
    7970, 
    7980, 
    7990, 
    8000, 
    8010, 
    8060, 
    8080, 
    8100, 
    8140, 
    8160, 
    8170, 
    8190, 
    8200, 
    8210, 
    8220, 
    8230, 
    8240, 
    8250, 
    8260, 
    8270, 
    8280, 
    8290, 
    8300, 
    8310, 
    8320, 
    8330, 
    8340, 
    8350, 
    8360, 
    8370, 
    8380, 
    8400, 
    8500, 
    8600, 
    8620, 
    8640, 
    8650, 
    8660, 
    8690, 
    8740, 
    8790, 
    8800, 
    8840, 
    8850, 
    8870, 
    8880, 
    8890, 
    8930, 
    8970, 
    8980, 
    9000, 
    9010, 
    9030, 
    9040, 
    9050, 
    9060, 
    9070, 
    9160, 
    9180, 
    9200, 
    9310, 
    9340, 
    9350, 
    9400, 
    9420, 
    9450, 
    9460, 
    9480, 
    9500, 
    9710, 
    9730, 
    9740, 
    9760, 
    9800, 
    9850, 
    9860, 
    9870, 
    9880, 
    9900, 
    9930, 
    9940, 
    9960, 
    9970, 
    9980, 
    9990, 
    10000, 
    10040, 
    10080, 
    10090, 
    10100, 
    10110, 
    10120, 
    10130, 
    10140, 
    10150, 
    10170, 
    10180, 
    10190, 
    10220, 
    10230, 
    10240, 
    10250, 
    10260, 
    10270, 
    10400, 
    10430, 
    10460, 
    10470, 
    10490, 
    10500, 
    10520, 
    10530, 
    10540, 
    10560, 
    10630, 
    10650, 
    10660, 
    10680, 
    10690, 
    10700, 
    11040, 
    11050, 
    11060, 
    11120, 
    11130, 
    11140, 
    11150, 
    11170, 
    11180, 
    11190, 
    11200, 
    11230, 
    11240, 
    11250, 
    11260, 
    11280, 
    11330, 
    11340, 
    11360, 
    11370, 
    11390, 
    11420, 
    11440, 
    11450, 
    11480, 
    11500, 
    11520, 
    11550, 
    11560, 
    11590, 
    11610, 
    11900, 
    11920, 
    12100, 
    12110, 
    12120, 
    12130, 
    12140, 
    12150, 
    12160, 
    12170, 
    12180, 
    12190, 
    12200, 
    12210, 
    12220, 
    12230, 
    12240, 
    12250, 
    12260, 
    12300, 
    12310, 
    12320, 
    12330, 
    12340, 
    12360, 
    12370, 
    12380, 
    12390, 
    12400, 
    12420, 
    12430, 
    12440, 
    12450, 
    12460, 
    12470, 
    12480, 
    12500, 
    12510, 
    12520, 
    12530, 
    12540, 
    12550, 
    12560, 
    12570, 
    12580, 
    12590, 
    12600, 
    12630, 
    12640, 
    12660, 
    12670, 
    12690, 
    12710, 
    12750, 
    12770, 
    12790, 
    12800, 
    12810, 
    12830, 
    12840, 
    12860, 
    12900, 
    13000, 
    13120, 
    13140, 
    13200, 
    13210, 
    13230, 
    13240, 
    13250, 
    13500, 
    13510, 
    13520, 
    13530, 
    13540, 
    13560, 
    13570, 
    13580, 
    13600, 
    13620, 
    13630, 
    13640, 
    13700, 
    15000, 
    15060, 
    15080, 
    15100, 
    15120, 
    15130, 
    15140, 
    15150, 
    15160, 
    15170, 
    15190, 
    15200, 
    15210, 
    15220, 
    15230, 
    15240, 
    15260, 
    15270, 
    15280, 
    15290, 
    15300, 
    15310, 
    15320, 
    15330, 
    15350, 
    15370, 
    15380, 
    15390, 
    15400, 
    15500, 
    15520, 
    15540, 
    15560, 
    15620, 
    15700, 
    15710, 
    15740, 
    15750, 
    15800, 
    15900, 
    15910, 
    15920, 
    15930, 
    15940, 
    15950, 
    15960, 
    15970, 
    15980, 
    15990, 
    16000, 
    16020, 
    16030, 
    16040, 
    16060, 
    16090, 
    16100, 
    16110, 
    16120, 
    16130, 
    16180, 
    16200, 
    16300, 
    16450, 
    16500, 
    16600, 
    16620, 
    16700, 
    16710, 
    16720, 
    16730, 
    16810, 
    17020, 
    17030, 
    17080, 
    17100, 
    17120, 
    17140, 
    17180, 
    17300, 
    17330, 
    17340, 
    17390, 
    17400, 
    17410, 
    17420, 
    17430, 
    17440, 
    17450, 
    17460, 
    17470, 
    17480, 
    17500, 
    17510, 
    17520, 
    17530, 
    17550, 
    17570, 
    17580, 
    17600, 
    17700, 
    17710, 
    17730, 
    17740, 
    17800, 
    17810, 
    18000, 
    18020, 
    18040, 
    18050, 
    18070, 
    18100, 
    18110, 
    18120, 
    18300, 
    18400, 
    18420, 
    18450, 
    18460, 
    18470, 
    18480, 
    18490, 
    18500, 
    18600, 
    18700, 
    18820, 
    19000, 
    19020, 
    19030, 
    19080, 
    19090, 
    19200, 
    19320, 
    19500, 
    19680, 
    19800, 
    19810, 
    19830, 
    19840, 
    19900, 
    19930, 
    19980, 
    19990, 
    20200, 
    20500, 
    20510, 
    20530, 
    20540, 
    20550, 
    20570, 
    20590, 
    20700, 
    20710, 
    20820, 
    20840, 
    20900, 
    20920, 
    21000, 
    21010, 
    21030, 
    21070, 
    21080, 
    21090, 
    21100, 
    21110, 
    21120, 
    21130, 
    21140, 
    21170, 
    21300, 
    21400, 
    21500, 
    21600, 
    21610, 
    21640, 
    21660, 
    21670, 
    21680, 
    21690, 
    21730, 
    21750, 
    21760, 
    21780, 
    21800, 
    21900, 
    21910, 
    21920, 
    21950, 
    21970, 
    21980, 
    21990, 
    22000, 
    22100, 
    22120, 
    22130, 
    22140, 
    22180, 
    22200, 
    22230, 
    22300, 
    22310, 
    22320, 
    22330, 
    22340, 
    22350, 
    22370, 
    22380, 
    22450, 
    22490, 
    22500, 
    22600, 
    22610, 
    22650, 
    22670, 
    23100, 
    23120, 
    23130, 
    23140, 
    23150, 
    23200, 
    23300, 
    23310, 
    23360, 
    23380, 
    23390, 
    23400, 
    23420, 
    23440, 
    23450, 
    23460, 
    23490, 
    23500, 
    23510, 
    23530, 
    23600, 
    23700, 
    24010, 
    24120, 
    24130, 
    24140, 
    24170, 
    24180, 
    24200, 
    24210, 
    24220, 
    24240, 
    24400, 
    24410, 
    24420, 
    24460, 
    24470, 
    24480, 
    24500, 
    24600, 
    24610, 
    24630, 
    24640, 
    24650, 
    24660, 
    24670, 
    24700, 
    24720, 
    24740, 
    24760, 
    24780, 
    24790, 
    24800, 
    24810, 
    24820, 
    24830, 
    24840, 
    24850, 
    24860, 
    24870, 
    24920, 
    24960, 
    24980, 
    25000, 
    25010, 
    25500, 
    25600, 
    25620, 
    25700, 
    25800, 
    25830, 
    25840, 
    25850, 
    25860, 
    25870, 
    25890, 
    25900, 
    25910, 
    25920, 
    25930, 
    25940, 
    25980, 
    25990, 
    26000, 
    26300, 
    26500, 
    26710, 
    26800, 
    26900, 
    27000, 
    27020, 
    27040, 
    27050, 
    27200, 
    27220, 
    27300, 
    27330, 
    27400, 
    27600, 
    27800, 
    27810, 
    27900, 
    27920, 
    27940, 
    28000, 
    28050, 
    29110, 
    29120, 
    29130, 
    29140, 
    29150, 
    29160, 
    29180, 
    29500, 
    29520, 
    29530, 
    29550, 
    29590, 
    29640, 
    29650, 
    29660, 
    29670, 
    29680, 
    29690, 
    29720, 
    29800, 
    29900, 
    31100, 
    31110, 
    31120, 
    31130, 
    31170, 
    31180, 
    31190, 
    31200, 
    31210, 
    31220, 
    31230, 
    31240, 
    31250, 
    31260, 
    31270, 
    31280, 
    31290, 
    31300, 
    31410, 
    31500, 
    31700, 
    31810, 
    31820, 
    31830, 
    31840, 
    31850, 
    31860, 
    31870, 
    31880, 
    31890, 
    31900, 
    31910, 
    31920, 
    31930, 
    31980, 
    32000, 
    32110, 
    32120, 
    32130, 
    32140, 
    32150, 
    32160, 
    32200, 
    32310, 
    32330, 
    32340, 
    32350, 
    32360, 
    32370, 
    32380, 
    32390, 
    32400, 
    32410, 
    32420, 
    32430, 
    32440, 
    32450, 
    32460, 
    32470, 
    32500, 
    32510, 
    32610, 
    32620, 
    32630, 
    32640, 
    32650, 
    32660, 
    32670, 
    32680, 
    32690, 
    32700, 
    32710, 
    32720, 
    32730, 
    32740, 
    32750, 
    32760, 
    32770, 
    32800, 
    32900, 
    33100, 
    33110, 
    33120, 
    33130, 
    33180, 
    33210, 
    33220, 
    33230, 
    33250, 
    33260, 
    33270, 
    33280, 
    33320, 
    33340, 
    33350, 
    33390, 
    33420, 
    33440, 
    33460, 
    33500, 
    33510, 
    33520, 
    33530, 
    33540, 
    33550, 
    33570, 
    33580, 
    33600, 
    33610, 
    33620, 
    33650, 
    33660, 
    33670, 
    33680, 
    33700, 
    33710, 
    33730, 
    33740, 
    33750, 
    33770, 
    33780, 
    33790, 
    33900, 
    33910, 
    33930, 
    33950, 
    33980, 
    33990, 
    34000, 
    34010, 
    34030, 
    34180, 
    34190, 
    34220, 
    34270, 
    34330, 
    34410, 
    34420, 
    34440, 
    34450, 
    34460, 
    34500, 
    34600, 
    34630, 
    34640, 
    34650, 
    34670, 
    34800, 
    34810, 
    34820, 
    34830, 
    34860, 
    34870, 
    34900, 
    34920, 
    35000, 
    35010, 
    35030, 
    35070, 
    35130, 
    35140, 
    35300, 
    35310, 
    35320, 
    35420, 
    35450, 
    35460, 
    35470, 
    35480, 
    35500, 
    35510, 
    35600, 
    35700, 
    35720, 
    35800, 
    36000, 
    36100, 
    36110, 
    36120, 
    36130, 
    36140, 
    36150, 
    36160, 
    36170, 
    36180, 
    36190, 
    36200, 
    36210, 
    36240, 
    36270, 
    36300, 
    36310, 
    36320, 
    36620, 
    36630, 
    36700, 
    36900, 
    36910, 
    37000, 
    37010, 
    37030, 
    37100, 
    37200, 
    37210, 
    37220, 
    37230, 
    37240, 
    37250, 
    37260, 
    37280, 
    37290, 
    37300, 
    37310, 
    37320, 
    37330, 
    37340, 
    37350, 
    37360, 
    37370, 
    37380, 
    37390, 
    37400, 
    37420, 
    37500, 
    37600, 
    37700, 
    37800, 
    37900, 
    37910, 
    37920, 
    37930, 
    37940, 
    37950, 
    37960, 
    37970, 
    37980, 
    37990, 
    38000, 
    38010, 
    38020, 
    38030, 
    38040, 
    38050, 
    38060, 
    38070, 
    38080, 
    38090, 
    38100, 
    38110, 
    38120, 
    38130, 
    38140, 
    38150, 
    38160, 
    38170, 
    38180, 
    38190, 
    38200, 
    38210, 
    38220, 
    38230, 
    38240, 
    38400, 
    38410, 
    38420, 
    38430, 
    38440, 
    38450, 
    38460, 
    38480, 
    38490, 
    38530, 
    38600, 
    38700, 
    38720, 
    38740, 
    38800, 
    38820, 
    38830, 
    38900, 
    39000, 
    39110, 
    39120, 
    39140, 
    39150, 
    39160, 
    39190, 
    39200, 
    39210, 
    39250, 
    39260, 
    39310, 
    39320, 
    39350, 
    39360, 
    39380, 
    39500, 
    39510, 
    39520, 
    39530, 
    39540, 
    39550, 
    39560, 
    39600, 
    39610, 
    39620, 
    39630, 
    39640, 
    39650, 
    39660, 
    39670, 
    39680, 
    39690, 
    39710, 
    39800, 
    39900, 
    40000, 
    40100, 
    40200, 
    40210, 
    40300, 
    40320, 
    40330, 
    40340, 
    40350, 
    40370, 
    40380, 
    40390, 
    40400, 
    40420, 
    40500, 
    40700, 
    40720, 
    40800, 
    40920, 
    40930, 
    40950, 
    40960, 
    40970, 
    40980, 
    40990, 
    41000, 
    41010, 
    41050, 
    41060, 
    41070, 
    41100, 
    41210, 
    41300, 
    41400, 
    41500, 
    41600, 
    41660, 
    41680, 
    41700, 
    41730, 
    41740, 
    41800, 
    41900, 
    42000, 
    42120, 
    42140, 
    42160, 
    42170, 
    42200, 
    42210, 
    42220, 
    42230, 
    42500, 
    42640, 
    42650, 
    42660, 
    42670, 
    42680, 
    42690, 
    42700, 
    42710, 
    42730, 
    42800, 
    42810, 
    42820, 
    42830, 
    42850, 
    42870, 
    42890, 
    42910, 
    42920, 
    42930, 
    42940, 
    42950, 
    42960, 
    42980, 
    42990, 
    43000, 
    43100, 
    43110, 
    43160, 
    43190, 
    43500, 
    43600, 
    44000, 
    44100, 
    44200, 
    44310, 
    44320, 
    44340, 
    44350, 
    44360, 
    44600, 
    44620, 
    44630, 
    44650, 
    44660, 
    44670, 
    44680, 
    44690, 
    45000, 
    45100, 
    45300, 
    45400, 
    45410, 
    45450, 
    45500, 
    45700, 
    45710, 
    45720, 
    45730, 
    45740, 
    45750, 
    45760, 
    45770, 
    45900, 
    46000, 
    46200, 
    46210, 
    46220, 
    46230, 
    46250, 
    46260, 
    46270, 
    46280, 
    46290, 
    46320, 
    46330, 
    46340, 
    46350, 
    46360, 
    46370, 
    46380, 
    46400, 
    46410, 
    46420, 
    46430, 
    46440, 
    46450, 
    46460, 
    46480, 
    46490, 
    46500, 
    46510, 
    46520, 
    46540, 
    46550, 
    46560, 
    46570, 
    46600, 
    46700, 
    46710, 
    46720, 
    46730, 
    46740, 
    46750, 
    46760, 
    46770, 
    46790, 
    46830, 
    46840, 
    46850, 
    47000, 
    47110, 
    47120, 
    47130, 
    47400, 
    47410, 
    47500, 
    47520, 
    47540, 
    47570, 
    47700, 
    47730, 
    47780, 
    47790, 
    47800, 
    47810, 
    47830, 
    47850, 
    47870, 
    47890, 
    47900, 
    47920, 
    48000, 
    48110, 
    48120, 
    48150, 
    48160, 
    48180, 
    48190, 
    48210, 
    48220, 
    48240, 
    48700, 
    48720, 
    48800, 
    48900, 
    48950, 
    49000, 
    49300, 
    49320, 
    49330, 
    49400, 
    49470, 
    49520, 
    49540, 
    49600, 
    49700, 
    49800, 
    49810, 
    49900, 
    50000, 
    50120, 
    50130, 
    50300, 
    50310, 
    50400, 
    50510, 
    50620, 
    50640, 
    50650, 
    50800, 
    50820, 
    50910, 
    50920, 
    50930, 
    50940, 
    50950, 
    50960, 
    50970, 
    50980, 
    50990, 
    51000, 
    51010, 
    51030, 
    51040, 
    51060, 
    51100, 
    55000, 
    55020, 
    55040, 
    55100, 
    55110, 
    55130, 
    55140, 
    55150, 
    55180, 
    55190, 
    55230, 
    55370, 
    56400, 
    57000, 
    57200, 
    57300, 
    57400, 
    57600, 
    57620, 
    57640, 
    57650, 
    57680, 
    57690, 
    57700, 
    57730, 
    57740, 
    57800, 
    57900, 
    57970, 
    58200, 
    58230, 
    58300, 
    58400, 
    58510, 
    58520, 
    58540, 
    58550, 
    58560, 
    58570, 
    58610, 
    60340, 
    60350, 
    60600, 
    60700, 
    60800, 
    61000, 
    61010, 
    61100, 
    61220, 
    61230, 
    61310, 
    61500, 
    61510, 
    61520, 
    61530, 
    61600, 
    61700, 
    61730, 
    61800, 
    61820, 
    62000, 
    62100, 
    63000, 
    63110, 
    63200, 
    63380, 
    63500, 
    63600, 
    63610, 
    63620, 
    63630, 
    63640, 
    63650, 
    63660, 
    63700, 
    63710, 
    63800, 
    63900, 
    63910, 
    63940, 
    63950, 
    63960, 
    64000, 
    65070, 
    65080, 
    65100, 
    65200, 
    65260, 
    65270, 
    65300, 
    65400, 
    65500, 
    65530, 
    65540, 
    65560, 
    65600, 
    65610, 
    65700, 
    65710, 
    65720, 
    65730, 
    65740, 
    65780, 
    65790, 
    65800, 
    65930, 
    65950, 
    65980, 
    67000, 
    67370, 
    70000, 
    70100, 
    70110, 
    70120, 
    70200, 
    70210, 
    70300, 
    70400, 
    70420, 
    70500, 
    70600, 
    70620, 
    70640, 
    70650, 
    70660, 
    70900, 
    71000, 
    71230, 
    71240, 
    71250, 
    71260, 
    71270, 
    71300, 
    71310, 
    71340, 
    71390, 
    71420, 
    72000, 
    72200, 
    72300, 
    72400, 
    72500, 
    72850, 
    72900, 
    73010, 
    73020, 
    73060, 
    73170, 
    73190, 
    73210, 
    73220, 
    73230, 
    78000, 
    80000, 
    80200, 
    80300, 
    80310, 
    80330, 
    80340, 
    80350, 
    80360, 
    90100, 
    90200, 
    90400, 
    90500, 
    90530, 
    90800, 
    91100, 
    91200, 
    91310, 
    91330, 
    91600, 
    91700, 
    91800, 
    91810, 
    91900, 
    92000, 
    92100, 
    92200, 
    92210, 
    92220, 
    92300, 
    92400, 
    92500, 
    92600, 
    92700, 
    92800, 
    92900, 
    93200, 
    94000, 
    94200, 
    94300, 
    94303, 
    94304, 
    94400, 
    94500, 
    94510, 
    94520, 
    94530, 
    94590, 
    94600, 
    94610, 
    94620, 
    95000, 
    95300, 
    95400, 
    95500, 
    95700, 
    95900, 
    96000, 
    96100, 
    96200, 
    96300, 
    96400, 
    96800, 
    96900, 
    97000, 
    97100, 
    97110, 
    97120, 
    97130, 
    97330, 
    98100, 
    98200, 
    98300, 
    98400, 
    98500, 
    98510, 
    98600, 
    98800, 
    98810, 
    98900, 
    99100, 
    99120, 
    99200, 
    99300, 
    99400, 
    99410, 
    99700, 
    99810, 
    99830, 
    99890, 
    99900, 
    99910, 
    99920, 
    100400, 
    100410, 
    100970, 
    100980, 
    102200, 
    102400, 
    102500, 
    102600, 
    102700, 
    102820, 
    102840, 
    102850, 
    104000, 
    104020, 
    104100, 
    104200, 
    104320, 
    104600, 
    104700, 
    104900, 
    105000, 
    105100, 
    105200, 
    105300, 
    105400, 
    105420, 
    105430, 
    105450, 
    105600, 
    105700, 
    105800, 
    106000, 
    106010, 
    107000, 
    107100, 
    107200, 
    107300, 
    107310, 
    107400, 
    107410, 
    107430, 
    107600, 
    107800, 
    107900, 
    108100, 
    108110, 
    108200, 
    108210, 
    108500, 
    108600, 
    108700, 
    108710, 
    108800, 
    109200, 
    109400, 
    109410, 
    109500, 
    109600, 
    109700, 
    110400, 
    110500, 
    110600, 
    110610, 
    110630, 
    110800, 
    111000, 
    111010, 
    111100, 
    111300, 
    111400, 
    111600, 
    111800, 
    111900, 
    112100, 
    113020, 
    113200, 
    113400, 
    113420, 
    113900, 
    115100, 
    115110, 
    115120, 
    115200, 
    115210, 
    115220, 
    115320, 
    116100, 
    116120, 
    200010, 
    200020, 
    200050, 
    200060, 
    200080, 
    200110, 
    200130, 
    200150, 
    200170, 
    200190, 
    200210, 
    200230, 
    200260, 
    200350, 
    200370, 
    200390, 
    200410, 
    200490, 
    200510, 
    200530, 
    200550, 
    200630, 
    200670, 
    200710, 
    200900, 
    200910, 
    200940, 
    200960, 
    200980, 
    200990, 
    201000, 
    201010, 
    201020, 
    201040, 
    201070, 
    201190, 
    201210, 
    201230, 
    201280, 
    201290, 
    201310, 
    201330, 
    201420, 
    201480, 
    201490, 
    201510, 
    201570, 
    201700, 
    201760, 
    201790, 
    201810, 
    201830, 
    201870, 
    202070, 
    202090, 
    202130, 
    202170, 
    202200, 
    202270, 
    202310, 
    202370, 
    202410, 
    202530, 
    202570, 
    202670, 
    202690, 
    202710, 
    202730, 
    202750, 
    202860, 
    202970, 
    202990, 
    203140, 
    203160, 
    203210, 
    203250, 
    203290, 
    203350, 
    203510, 
    203560, 
    203630, 
    203650, 
    203680, 
    203730, 
    203750, 
    203770, 
    203810, 
    203830, 
    203850, 
    203990, 
    204030, 
    204060, 
    204080, 
    204100, 
    204120, 
    204140, 
    204180, 
    204220, 
    204240, 
    204300, 
    204340, 
    204360, 
    204390, 
    204440, 
    204450, 
    204510, 
    204530, 
    204560, 
    204580, 
    204630, 
    204760, 
    204840, 
    204860, 
    204880, 
    204940, 
    204960, 
    205060, 
    205070, 
    205080, 
    205090, 
    205100, 
    205190, 
    205230, 
    205250, 
    205270, 
    205330, 
    205350, 
    205530, 
    205550, 
    205590, 
    205610, 
    205650, 
    205690, 
    205710, 
    205730, 
    205790, 
    205810, 
    205830, 
    205840, 
    205870, 
    205910, 
    205930, 
    205950, 
    205990, 
    206020, 
    206040, 
    206060, 
    206190, 
    206210, 
    206230, 
    206250, 
    206270, 
    206370, 
    206410, 
    206420, 
    206440, 
    206480, 
    206500, 
    206610, 
    206690, 
    206740, 
    206760, 
    206980, 
    207000, 
    207020, 
    207040, 
    207060, 
    207080, 
    207140, 
    207150, 
    207170, 
    207190, 
    207210, 
    207230, 
    207250, 
    207320, 
    207350, 
    207370, 
    207380, 
    207400, 
    207420, 
    207430, 
    207490, 
    207530, 
    207570, 
    207610, 
    207650, 
    207670, 
    207690, 
    207710, 
    207730, 
    207750, 
    207790, 
    207890, 
    207930, 
    208030, 
    208090, 
    208110, 
    208140, 
    208200, 
    208400, 
    208460, 
    208480, 
    208500, 
    208520, 
    208580, 
    208600, 
    208610, 
    208620, 
    208630, 
    208640, 
    208670, 
    208710, 
    208730, 
    208860, 
    209000, 
    209060, 
    209080, 
    209100, 
    209120, 
    209160, 
    209170, 
    209190, 
    209230, 
    209270, 
    209330, 
    209340, 
    209360, 
    209370, 
    209390, 
    209520, 
    209540, 
    209610, 
    209630, 
    209650, 
    209660, 
    209670, 
    209690, 
    209710, 
    209730, 
    209750, 
    209790, 
    209830, 
    209850, 
    209870, 
    209950, 
    210150, 
    210170, 
    210230, 
    210350, 
    210390, 
    210410, 
    210430, 
    210490, 
    210550, 
    210770, 
    210870, 
    210950, 
    210990, 
    211010, 
    211050, 
    211070, 
    211120, 
    211140, 
    211160, 
    211180, 
    211260, 
    211280, 
    211340, 
    211360, 
    211380, 
    211400, 
    211420, 
    211440, 
    211500, 
    211580, 
    211600, 
    211670, 
    211740, 
    211780, 
    211800, 
    211820, 
    211880, 
    211900, 
    211970, 
    212010, 
    212030, 
    212050, 
    212070, 
    212110, 
    212160, 
    212180, 
    212200, 
    212220, 
    212240, 
    212370, 
    212390, 
    212410, 
    212480, 
    212500, 
    212580, 
    212630, 
    212680, 
    212700, 
    212780, 
    212800, 
    212910, 
    213030, 
    213120, 
    213330, 
    213350, 
    213610, 
    213650, 
    213670, 
    213850, 
    214050, 
    214100, 
    214130, 
    214150, 
    214170, 
    214190, 
    214210, 
    214230, 
    214250, 
    214270, 
    214310, 
    214320, 
    214340, 
    214360, 
    214400, 
    214420, 
    214490, 
    214510, 
    214550, 
    214560, 
    214570, 
    214590, 
    214610, 
    214630, 
    214640, 
    214700, 
    214730, 
    214770, 
    214790, 
    214830, 
    214850, 
    214870, 
    214910, 
    214950, 
    214970, 
    215060, 
    215080, 
    215100, 
    215120, 
    215160, 
    215280, 
    215374, 
    215390, 
    215450, 
    215470, 
    215510, 
    215530, 
    215630, 
    215670, 
    215690, 
    215710, 
    215770, 
    215790, 
    215870, 
    215930, 
    216090, 
    216110, 
    216130, 
    216150, 
    216210, 
    216250, 
    216260, 
    216290, 
    216370, 
    216390, 
    216610, 
    216670, 
    216890, 
    216910, 
    216930, 
    217060, 
    217080, 
    217100, 
    217140, 
    217200, 
    217270, 
    217290, 
    217490, 
    217690, 
    217750, 
    217790, 
    217860, 
    217920, 
    217980, 
    218020, 
    218040, 
    218060, 
    218090, 
    218130, 
    218170, 
    218210, 
    218230, 
    218310, 
    218330, 
    218410, 
    218450, 
    218461, 
    218470, 
    218510, 
    218620, 
    218640, 
    218660, 
    218680, 
    218700, 
    218740, 
    218820, 
    218860, 
    218980, 
    219070, 
    219150, 
    219190, 
    219200, 
    219340, 
    219540, 
    219600, 
    219640, 
    219680, 
    219700, 
    219740, 
    219760, 
    219780, 
    219800, 
    219830, 
    219870, 
    219890, 
    219910, 
    219950, 
    219990, 
    220050, 
    220090, 
    220160, 
    220200, 
    220240, 
    220260, 
    220420, 
    220440, 
    220460, 
    220660, 
    220680, 
    220700, 
    220740, 
    220780, 
    220820, 
    220823, 
    220824, 
    220860, 
    220900, 
    220960, 
    220980, 
    221020, 
    221040, 
    221080, 
    221100, 
    221180, 
    221200, 
    221220, 
    221260, 
    221300, 
    221340, 
    221360, 
    221380, 
    221410, 
    221430, 
    221540, 
    221560, 
    221640, 
    221680, 
    221790, 
    221810, 
    221830, 
    221910, 
    222140, 
    222160, 
    222480, 
    222520, 
    222640, 
    222660, 
    222710, 
    222730, 
    222750, 
    222820, 
    222880, 
    222900, 
    222940, 
    222980, 
    223000, 
    223220, 
    223280, 
    223390, 
    223410, 
    223430, 
    223450, 
    223470, 
    223490, 
    223510, 
    223530, 
    223630, 
    223650, 
    223670, 
    223710, 
    223730, 
    223750, 
    223810, 
    223830, 
    223850, 
    223870, 
    224040, 
    224060, 
    224220, 
    224260, 
    224300, 
    224320, 
    224340, 
    224360, 
    224380, 
    224420, 
    224440, 
    224460, 
    224480, 
    224500, 
    224540, 
    224580, 
    224600, 
    224700, 
    224740, 
    224760, 
    224780, 
    224820, 
    224860, 
    224900, 
    224920, 
    224940, 
    224960, 
    224980, 
    225000, 
    225020, 
    225080, 
    225140, 
    225160, 
    225180, 
    225200, 
    225220, 
    225260, 
    225280, 
    225300, 
    225320, 
    225360, 
    225420, 
    225600, 
    225640, 
    225760, 
    226100, 
    226120, 
    226320, 
    226580, 
    226620, 
    226700, 
    226720, 
    226740, 
    226760, 
    226780, 
    226820, 
    226840, 
    226860, 
    226960, 
    226980, 
    227000, 
    227020, 
    227060, 
    227080, 
    227100, 
    227160, 
    227180, 
    227200, 
    227220, 
    227240, 
    227260, 
    227280, 
    227300, 
    227320, 
    227380, 
    227400, 
    227480, 
    227560, 
    227580, 
    227600, 
    227680, 
    227700, 
    227720, 
    227760, 
    227780, 
    227800, 
    227860, 
    227900, 
    227920, 
    227940, 
    227980, 
    228180, 
    228200, 
    228260, 
    228280, 
    228300, 
    228320, 
    228380, 
    228400, 
    228440, 
    228560, 
    228760, 
    228940, 
    228960, 
    229100, 
    229480, 
    229520, 
    229580, 
    229600, 
    229660, 
    229810, 
    229870, 
    229890, 
    229970, 
    230050, 
    230070, 
    230150, 
    230170, 
    230190, 
    230230, 
    230310, 
    230330, 
    230350, 
    230410, 
    230650, 
    230700, 
    230760, 
    230780, 
    230820, 
    230840, 
    230860, 
    230980, 
    231020, 
    231040, 
    231060, 
    231140, 
    231160, 
    231180, 
    231200, 
    231310, 
    231330, 
    231430, 
    231670, 
    231720, 
    231740, 
    231910, 
    232010, 
    232050, 
    232210, 
    232430, 
    232450, 
    232670, 
    232750, 
    232770, 
    232790, 
    232810, 
    232890, 
    232910, 
    232950, 
    232970, 
    233110, 
    233130, 
    233150, 
    233190, 
    233210, 
    233230, 
    233250, 
    233270, 
    233290, 
    233310, 
    233350, 
    233370, 
    233390, 
    233410, 
    233450, 
    233470, 
    233510, 
    233530, 
    233550, 
    233630, 
    233680, 
    233700, 
    233720, 
    233740, 
    233840, 
    233860, 
    233980, 
    234000, 
    234060, 
    234080, 
    234100, 
    234160, 
    234190, 
    234290, 
    234310, 
    234330, 
    234350, 
    234370, 
    234390, 
    234490, 
    234530, 
    234630, 
    234650, 
    234670, 
    234710, 
    234740, 
    234820, 
    234900, 
    234920, 
    234940, 
    234980, 
    235070, 
    235210, 
    235250, 
    235320, 
    235340, 
    235360, 
    235400, 
    235460, 
    235600, 
    235620, 
    235660, 
    235700, 
    235720, 
    235760, 
    235780, 
    235800, 
    235820, 
    235900, 
    235980, 
    236090, 
    236130, 
    236150, 
    236290, 
    236370, 
    236390, 
    236430, 
    236450, 
    236470, 
    236490, 
    236510, 
    236530, 
    236730, 
    236790, 
    236830, 
    236850, 
    236890, 
    236930, 
    236970, 
    237110, 
    237310, 
    237350, 
    237370, 
    237430, 
    237470, 
    237530, 
    237550, 
    237570, 
    237590, 
    237630, 
    237740, 
    237760, 
    237850, 
    237870, 
    237890, 
    237930, 
    237950, 
    237970, 
    237990, 
    238010, 
    238050, 
    238070, 
    238090, 
    238110, 
    238170, 
    238210, 
    238240, 
    238260, 
    238280, 
    238320, 
    238430, 
    238460, 
    238530, 
    238590, 
    238630, 
    238710, 
    238750, 
    238870, 
    238890, 
    238910, 
    238930, 
    238960, 
    239030, 
    239070, 
    239090, 
    239120, 
    239160, 
    239200, 
    239220, 
    239250, 
    239350, 
    239410, 
    239430, 
    239450, 
    239660, 
    239700, 
    239720, 
    239800, 
    239820, 
    239840, 
    240160, 
    240180, 
    240200, 
    240320, 
    240340, 
    240360, 
    240380, 
    240600, 
    240660, 
    240760, 
    240970, 
    241070, 
    241240, 
    241260, 
    241320, 
    241410, 
    241540, 
    241560, 
    241600, 
    241620, 
    241640, 
    241660, 
    241720, 
    241790, 
    241910, 
    241930, 
    241990, 
    242050, 
    242110, 
    242130, 
    242460, 
    242480, 
    242530, 
    242550, 
    242570, 
    242590, 
    242630, 
    242640, 
    242680, 
    242700, 
    242720, 
    242760, 
    242780, 
    242800, 
    242820, 
    242840, 
    242860, 
    242880, 
    242920, 
    242940, 
    242960, 
    242980, 
    243000, 
    243020, 
    243040, 
    243060, 
    243120, 
    243140, 
    243180, 
    243200, 
    243220, 
    243280, 
    243300, 
    243320, 
    243360, 
    243380, 
    243450, 
    243470, 
    243560, 
    243580, 
    243780, 
    243800, 
    243870, 
    243890, 
    243930, 
    243950, 
    243970, 
    244030, 
    244050, 
    244070, 
    244090, 
    244210, 
    244290, 
    244410, 
    244430, 
    244450, 
    244590, 
    244630, 
    244690, 
    244710, 
    244730, 
    244810, 
    244850, 
    244870, 
    244890, 
    244930, 
    244950, 
    245010, 
    245050, 
    245130, 
    245150, 
    245170, 
    245280, 
    245300, 
    245390, 
    245410, 
    245430, 
    245450, 
    245470, 
    245490, 
    245550, 
    245620, 
    245730, 
    245760, 
    246070, 
    246090, 
    246110, 
    246260, 
    246280, 
    246300, 
    246360, 
    246400, 
    246420, 
    246580, 
    246600, 
    246620, 
    246680, 
    246700, 
    246720, 
    246740, 
    246760, 
    246800, 
    246840, 
    246880, 
    246900, 
    246940, 
    246960, 
    246980, 
    247000, 
    247020, 
    247080, 
    247120, 
    247140, 
    247240, 
    247310, 
    247350, 
    247370, 
    247430, 
    247580, 
    247660, 
    247730, 
    247770, 
    247830, 
    247870, 
    247910, 
    247930, 
    247950, 
    248170, 
    248190, 
    248270, 
    248290, 
    248310, 
    248350, 
    248370, 
    248390, 
    248410, 
    248450, 
    248470, 
    248490, 
    248510, 
    248530, 
    248550, 
    248570, 
    248610, 
    248630, 
    248650, 
    248710, 
    248730, 
    248800, 
    248820, 
    248860, 
    248970, 
    249050, 
    249130, 
    249190, 
    249230, 
    249330, 
    249360, 
    249380, 
    249550, 
    249570, 
    249590, 
    249610, 
    249630, 
    249650, 
    249680, 
    249870, 
    249930, 
    249950, 
    249990, 
    250030, 
    250050, 
    250110, 
    250180, 
    250200, 
    250240, 
    250260, 
    250280, 
    250320, 
    250340, 
    250360, 
    250380, 
    250400, 
    250420, 
    250460, 
    250500, 
    250520, 
    250560, 
    250580, 
    250600, 
    250620, 
    250640, 
    250660, 
    250700, 
    250720, 
    250740, 
    250760, 
    250820, 
    250870, 
    250900, 
    251020, 
    251060, 
    251150, 
    251170, 
    251210, 
    251310, 
    251370, 
    251390, 
    251410, 
    251430, 
    251470, 
    251510, 
    251530, 
    251570, 
    251610, 
    251630, 
    251670, 
    251690, 
    251710, 
    251730, 
    251770, 
    251790, 
    251810, 
    251830, 
    251850, 
    251870, 
    251890, 
    251910, 
    251970, 
    251990, 
    252010, 
    252030, 
    252050, 
    252070, 
    252150, 
    252170, 
    252210, 
    252230, 
    252250, 
    252270, 
    252290, 
    252310, 
    252330, 
    252350, 
    252370, 
    252410, 
    252430, 
    252490, 
    252530, 
    252550, 
    252570, 
    252630, 
    252670, 
    252690, 
    252710, 
    252730, 
    252750, 
    252770, 
    252830, 
    252890, 
    252910, 
    252970, 
    253030, 
    253110, 
    253130, 
    253150, 
    253310, 
    253330, 
    253350, 
    253370, 
    253410, 
    253430, 
    253470, 
    253510, 
    253570, 
    253610, 
    253630, 
    253650, 
    253670, 
    253690, 
    253710, 
    253750, 
    253770, 
    253790, 
    253860, 
    253880, 
    253900, 
    253920, 
    253940, 
    253960, 
    253980, 
    254000, 
    254020, 
    254040, 
    254060, 
    254080, 
    254100, 
    254130, 
    254200, 
    254440, 
    254460, 
    254480, 
    254590, 
    254650, 
    254700, 
    254880, 
    254960, 
    254980, 
    255010, 
    255030, 
    255070, 
    255220, 
    255260, 
    255280, 
    255300, 
    255320, 
    255340, 
    255370, 
    255390, 
    255420, 
    255480, 
    255500, 
    255520, 
    255870, 
    255920, 
    255940, 
    255960, 
    256010, 
    256030, 
    256050, 
    256070, 
    256190, 
    256290, 
    256330, 
    256350, 
    256370, 
    256390, 
    256410, 
    256440, 
    257050, 
    257080, 
    257120, 
    257170, 
    257220, 
    257350, 
    257400, 
    257510, 
    257610, 
    257630, 
    257650, 
    257670, 
    257690, 
    257710, 
    257730, 
    257750, 
    257770, 
    257790, 
    257830, 
    257870, 
    257890, 
    257930, 
    257970, 
    257990, 
    258010, 
    258050, 
    258070, 
    258090, 
    258180, 
    258200, 
    258220, 
    258240, 
    258520, 
    258590, 
    258700, 
    258760, 
    258880, 
    258890, 
    258950, 
    258970, 
    259020, 
    259060, 
    259080, 
    259130, 
    259170, 
    259190, 
    259280, 
    259300, 
    259320, 
    259340, 
    259360, 
    259390, 
    259430, 
    259450, 
    259470, 
    259490, 
    259510, 
    259530, 
    259550, 
    259600, 
    259620, 
    259640, 
    259660, 
    259680, 
    259700, 
    259720, 
    259740, 
    259760, 
    259780, 
    259810, 
    259830, 
    259870, 
    259890, 
    259910, 
    259940, 
    259960, 
    259980, 
    260000, 
    260020, 
    260040, 
    260060, 
    260130, 
    260160, 
    260190, 
    260210, 
    260230, 
    260250, 
    260270, 
    260330, 
    260380, 
    260410, 
    260510, 
    260530, 
    260570, 
    260650, 
    260690, 
    260710, 
    260730, 
    260750, 
    260770, 
    260790, 
    260930, 
    261030, 
    261110, 
    261180, 
    261350, 
    261470, 
    261490, 
    261510, 
    261530, 
    261600, 
    261640, 
    261680, 
    261700, 
    261720, 
    261740, 
    261760, 
    261820, 
    261880, 
    261920, 
    261940, 
    261960, 
    261980, 
    262000, 
    262080, 
    262120, 
    262150, 
    262210, 
    262240, 
    262260, 
    262300, 
    262390, 
    262410, 
    262450, 
    262490, 
    262550, 
    262590, 
    262610, 
    262650, 
    262690, 
    262750, 
    262770, 
    262790, 
    262830, 
    262850, 
    262870, 
    262900, 
    262940, 
    262980, 
    263020, 
    263040, 
    263060, 
    263080, 
    263100, 
    263120, 
    263140, 
    263180, 
    263200, 
    263260, 
    263280, 
    263300, 
    263320, 
    263340, 
    263360, 
    263380, 
    263400, 
    263420, 
    263440, 
    263460, 
    263480, 
    263500, 
    263520, 
    263540, 
    263560, 
    263620, 
    263680, 
    263700, 
    263740, 
    263760, 
    263800, 
    263820, 
    263840, 
    263860, 
    263880, 
    263960, 
    263980, 
    264000, 
    264020, 
    264060, 
    264080, 
    264120, 
    264140, 
    264160, 
    264200, 
    264220, 
    264240, 
    264260, 
    264280, 
    264300, 
    264320, 
    264340, 
    264360, 
    264380, 
    264400, 
    264420, 
    264440, 
    264460, 
    264480, 
    264520, 
    264540, 
    264560, 
    264580, 
    264690, 
    264710, 
    264730, 
    264970, 
    265020, 
    265120, 
    265170, 
    265210, 
    265240, 
    265300, 
    265330, 
    265380, 
    265400, 
    265420, 
    265490, 
    265550, 
    265590, 
    265610, 
    265630, 
    265650, 
    265670, 
    265690, 
    265750, 
    265770, 
    265790, 
    265810, 
    265830, 
    265870, 
    265890, 
    265930, 
    265950, 
    265970, 
    265990, 
    266010, 
    266030, 
    266050, 
    266070, 
    266090, 
    266110, 
    266130, 
    266170, 
    266210, 
    266230, 
    266250, 
    266270, 
    266290, 
    266330, 
    266370, 
    266390, 
    266430, 
    266450, 
    266470, 
    266490, 
    266510, 
    266550, 
    266620, 
    266840, 
    266940, 
    267060, 
    267220, 
    267340, 
    267360, 
    267440, 
    267490, 
    267530, 
    267550, 
    267600, 
    267610, 
    267670, 
    267730, 
    267750, 
    267790, 
    267900, 
    267920, 
    267940, 
    267960, 
    267980, 
    268050, 
    268200, 
    268220, 
    268240, 
    268260, 
    268360, 
    268400, 
    268420, 
    268520, 
    268540, 
    268650, 
    268670, 
    268710, 
    268750, 
    268810, 
    268830, 
    268850, 
    268890, 
    268930, 
    269010, 
    269030, 
    269050, 
    269110, 
    269150, 
    269210, 
    269230, 
    269250, 
    269270, 
    269290, 
    269310, 
    269330, 
    269350, 
    269370, 
    269390, 
    269430, 
    269450, 
    269470, 
    269490, 
    269550, 
    269570, 
    269590, 
    269610, 
    269650, 
    269710, 
    269730, 
    269790, 
    269810, 
    269890, 
    269910, 
    269990, 
    270010, 
    270050, 
    270090, 
    270110, 
    270150, 
    270170, 
    270190, 
    270210, 
    270270, 
    270310, 
    270330, 
    270450, 
    270490, 
    270510, 
    270550, 
    270570, 
    270590, 
    270630, 
    270750, 
    270760, 
    270770, 
    270790, 
    270850, 
    270950, 
    271290, 
    271370, 
    271500, 
    271520, 
    271550, 
    271570, 
    271640, 
    271670, 
    271730, 
    271820, 
    271860, 
    271900, 
    272010, 
    272040, 
    272060, 
    272230, 
    272330, 
    272350, 
    272470, 
    272510, 
    272600, 
    272670, 
    272860, 
    272890, 
    272990, 
    273030, 
    273070, 
    273110, 
    273240, 
    273390, 
    273500, 
    273550, 
    273570, 
    273580, 
    273590, 
    273600, 
    273620, 
    273730, 
    273740, 
    273760, 
    273770, 
    273820, 
    273940, 
    274010, 
    274130, 
    274190, 
    274250, 
    274290, 
    274310, 
    274390, 
    274450, 
    274480, 
    274500, 
    274520, 
    274560, 
    274620, 
    274800, 
    274880, 
    274900, 
    274920, 
    274940, 
    274980, 
    275060, 
    275080, 
    275180, 
    275290, 
    275310, 
    275330, 
    275350, 
    275370, 
    275390, 
    275470, 
    275490, 
    275510, 
    275530, 
    275570, 
    275610, 
    275670, 
    275810, 
    275830, 
    276220, 
    276240, 
    276300, 
    276360, 
    276380, 
    276430, 
    276440, 
    276730, 
    276750, 
    276870, 
    276890, 
    277110, 
    277210, 
    277230, 
    277250, 
    277270, 
    277430, 
    277450, 
    277460, 
    277470, 
    277490, 
    277500, 
    277510, 
    277520, 
    277540, 
    277560, 
    277590, 
    277630, 
    277870, 
    277890, 
    277910, 
    277930, 
    277950, 
    278080, 
    278360, 
    278440, 
    278460, 
    278490, 
    278530, 
    278570, 
    278620, 
    278640, 
    278810, 
    278850, 
    278890, 
    278910, 
    278930, 
    279140, 
    279160, 
    279260, 
    279420, 
    279480, 
    279500, 
    279520, 
    279540, 
    279560, 
    279580, 
    279840, 
    279920, 
    279940, 
    279990, 
    280040, 
    280140, 
    280200, 
    280220, 
    280320, 
    280380, 
    280440, 
    280460, 
    280500, 
    280520, 
    280540, 
    280560, 
    280620, 
    280640, 
    280680, 
    280720, 
    280740, 
    280790, 
    280830, 
    280890, 
    280910, 
    280930, 
    281050, 
    281060, 
    281130, 
    281220, 
    281240, 
    281260, 
    281280, 
    281350, 
    281370, 
    281390, 
    281410, 
    281430, 
    281450, 
    281560, 
    281580, 
    281690, 
    281750, 
    281820, 
    281840, 
    281860, 
    281920, 
    282010, 
    282030, 
    282070, 
    282100, 
    282350, 
    282400, 
    282440, 
    282500, 
    282530, 
    282590, 
    282620, 
    282740, 
    282760, 
    282800, 
    282860, 
    282880, 
    283000, 
    283020, 
    283040, 
    283100, 
    283180, 
    283230, 
    283270, 
    283290, 
    283310, 
    283330, 
    283350, 
    283370, 
    283390, 
    283410, 
    283430, 
    283450, 
    283470, 
    283490, 
    283660, 
    283680, 
    283880, 
    283920, 
    283940, 
    283960, 
    283980, 
    284000, 
    284020, 
    284050, 
    284100, 
    284140, 
    284160, 
    284180, 
    284200, 
    284290, 
    284390, 
    284460, 
    284480, 
    284580, 
    284710, 
    284730, 
    284750, 
    284770, 
    284790, 
    284830, 
    284850, 
    284870, 
    284930, 
    284950, 
    284970, 
    285010, 
    285030, 
    285050, 
    285090, 
    285110, 
    285130, 
    285160, 
    285310, 
    285330, 
    285350, 
    285400, 
    285420, 
    285440, 
    285480, 
    285500, 
    285520, 
    285580, 
    285670, 
    285800, 
    285820, 
    285840, 
    285900, 
    285960, 
    285980, 
    286040, 
    286080, 
    286100, 
    286120, 
    286140, 
    286160, 
    286200, 
    286220, 
    286260, 
    286320, 
    286340, 
    286360, 
    286380, 
    286440, 
    286460, 
    286480, 
    286500, 
    286540, 
    286660, 
    286690, 
    286770, 
    286810, 
    286830, 
    286930, 
    287020, 
    287070, 
    287100, 
    287120, 
    287200, 
    287220, 
    287340, 
    287390, 
    287450, 
    287580, 
    287720, 
    287740, 
    287780, 
    287860, 
    287980, 
    288020, 
    288040, 
    288060, 
    288120, 
    288160, 
    288220, 
    288270, 
    288290, 
    288370, 
    288470, 
    288570, 
    288690, 
    288710, 
    288730, 
    288750, 
    288790, 
    288830, 
    288880, 
    288970, 
    289050, 
    289090, 
    289130, 
    289180, 
    289200, 
    289220, 
    289240, 
    289280, 
    289300, 
    289340, 
    289400, 
    289420, 
    289440, 
    289460, 
    289480, 
    289500, 
    289520, 
    289580, 
    289600, 
    289620, 
    289650, 
    289760, 
    289800, 
    289820, 
    289840, 
    289890, 
    289930, 
    290000, 
    290020, 
    290040, 
    290060, 
    290080, 
    290260, 
    290280, 
    290320, 
    290380, 
    290440, 
    290460, 
    290650, 
    290710, 
    290730, 
    290750, 
    290770, 
    290810, 
    290970, 
    290990, 
    291010, 
    291030, 
    291050, 
    291070, 
    291130, 
    291150, 
    291190, 
    291250, 
    291270, 
    291290, 
    291330, 
    291370, 
    291390, 
    291430, 
    291450, 
    291480, 
    291550, 
    291610, 
    291630, 
    291640, 
    291710, 
    291910, 
    291930, 
    291960, 
    292060, 
    292090, 
    292120, 
    292160, 
    292180, 
    292200, 
    292230, 
    292240, 
    292260, 
    292280, 
    292300, 
    292350, 
    292370, 
    292380, 
    292390, 
    292400, 
    292410, 
    292420, 
    292570, 
    292620, 
    292630, 
    292660, 
    292670, 
    292680, 
    292780, 
    292800, 
    292820, 
    292840, 
    292860, 
    292910, 
    292930, 
    293010, 
    293180, 
    293200, 
    293240, 
    293300, 
    293320, 
    293360, 
    293400, 
    293420, 
    293460, 
    293500, 
    293540, 
    293660, 
    293680, 
    293720, 
    293740, 
    293780, 
    293800, 
    293840, 
    293860, 
    293880, 
    293900, 
    293920, 
    293940, 
    293960, 
    294000, 
    294020, 
    294140, 
    294230, 
    294280, 
    294390, 
    294440, 
    294460, 
    294530, 
    294540, 
    294550, 
    294570, 
    294580, 
    294650, 
    294660, 
    294670, 
    294680, 
    294690, 
    294700, 
    294710, 
    294720, 
    294750, 
    294770, 
    294790, 
    294830, 
    294860, 
    295250, 
    295270, 
    295550, 
    295610, 
    295630, 
    295710, 
    295730, 
    295750, 
    295770, 
    295810, 
    295850, 
    295870, 
    295930, 
    295990, 
    296010, 
    296050, 
    296070, 
    296150, 
    296180, 
    296220, 
    296240, 
    296470, 
    296530, 
    296570, 
    296590, 
    296610, 
    296630, 
    296650, 
    296730, 
    296770, 
    296850, 
    296870, 
    296910, 
    296930, 
    296950, 
    297020, 
    297060, 
    297090, 
    297100, 
    297110, 
    297120, 
    297130, 
    297210, 
    297270, 
    297290, 
    297330, 
    297370, 
    297410, 
    297490, 
    297570, 
    297590, 
    297620, 
    297740, 
    297750, 
    297760, 
    297810, 
    297860, 
    298020, 
    298110, 
    298140, 
    298160, 
    298180, 
    298220, 
    298260, 
    298280, 
    298340, 
    298400, 
    298480, 
    298520, 
    298600, 
    298630, 
    298820, 
    298830, 
    298840, 
    299030, 
    299050, 
    299070, 
    299110, 
    299150, 
    299160, 
    299170, 
    299180, 
    299260, 
    299340, 
    299420, 
    299440, 
    299460, 
    299480, 
    299500, 
    299540, 
    299640, 
    299660, 
    299700, 
    299720, 
    299740, 
    299780, 
    299820, 
    299840, 
    299860, 
    299890, 
    300040, 
    300220, 
    300280, 
    300300, 
    300320, 
    300360, 
    300380, 
    300510, 
    300540, 
    300550, 
    300610, 
    300820, 
    300900, 
    300910, 
    300970, 
    301050, 
    301150, 
    301190, 
    301200, 
    301220, 
    301250, 
    301270, 
    301300, 
    301320, 
    301360, 
    301420, 
    301460, 
    301480, 
    301500, 
    301520, 
    301540, 
    301610, 
    301670, 
    301680, 
    301690, 
    301700, 
    301730, 
    301740, 
    301750, 
    301760, 
    301970, 
    301980, 
    301990, 
    302060, 
    302080, 
    302110, 
    302120, 
    302160, 
    302170, 
    302180, 
    302190, 
    302210, 
    302240, 
    302250, 
    302260, 
    302270, 
    302290, 
    302310, 
    302320, 
    302330, 
    302340, 
    302350, 
    302360, 
    302370, 
    302380, 
    302390, 
    302460, 
    302470, 
    302490, 
    302510, 
    302590, 
    302610, 
    302690, 
    302710, 
    302750, 
    302790, 
    302850, 
    302870, 
    302910, 
    302950, 
    302970, 
    303340, 
    303390, 
    303410, 
    303430, 
    303470, 
    303510, 
    303530, 
    303590, 
    303680, 
    303710, 
    303760, 
    303790, 
    303840, 
    303850, 
    303860, 
    303870, 
    303880, 
    303910, 
    303940, 
    304030, 
    304150, 
    304170, 
    304270, 
    304290, 
    304350, 
    304410, 
    304460, 
    304500, 
    304650, 
    304670, 
    304730, 
    304890, 
    304930, 
    305010, 
    305050, 
    305070, 
    305260, 
    305280, 
    305390, 
    305490, 
    305620, 
    305640, 
    305740, 
    305780, 
    305860, 
    305920, 
    305960, 
    305980, 
    306040, 
    306130, 
    306200, 
    306260, 
    306410, 
    306480, 
    306490, 
    306520, 
    306550, 
    306620, 
    306630, 
    306640, 
    306660, 
    306680, 
    306700, 
    306830, 
    306950, 
    307010, 
    307050, 
    307070, 
    307090, 
    307130, 
    307170, 
    307190, 
    307270, 
    307290, 
    307340, 
    307350, 
    307410, 
    307570, 
    307640, 
    307690, 
    307760, 
    307770, 
    307900, 
    307920, 
    307930, 
    307980, 
    307990, 
    308000, 
    308040, 
    308060, 
    308080, 
    308180, 
    308270, 
    308320, 
    308360, 
    308380, 
    308420, 
    308460, 
    308580, 
    310070, 
    310080, 
    310110, 
    310380, 
    310390, 
    310450, 
    310510, 
    310700, 
    310760, 
    310830, 
    310970, 
    310990, 
    311040, 
    311060, 
    311100, 
    311120, 
    311140, 
    311170, 
    311190, 
    311250, 
    311480, 
    311680, 
    311720, 
    311770, 
    311800, 
    311850, 
    311860, 
    311870, 
    311910, 
    311980, 
    312010, 
    312020, 
    312050, 
    312150, 
    312200, 
    312210, 
    312220, 
    312300, 
    312350, 
    312360, 
    312390, 
    312410, 
    312420, 
    312510, 
    312610, 
    312630, 
    312640, 
    312720, 
    312750, 
    312860, 
    312900, 
    312960, 
    312970, 
    312990, 
    313020, 
    313040, 
    313080, 
    313130, 
    313140, 
    313160, 
    313340, 
    313360, 
    313400, 
    313470, 
    313480, 
    313500, 
    313590, 
    313620, 
    313650, 
    313660, 
    313730, 
    313740, 
    313830, 
    313960, 
    313980, 
    314020, 
    314030, 
    314120, 
    314200, 
    314210, 
    314230, 
    314240, 
    314250, 
    314280, 
    314290, 
    314320, 
    314340, 
    314380, 
    314420, 
    314460, 
    314470, 
    314500, 
    314540, 
    314570, 
    314680, 
    314700, 
    314760, 
    314950, 
    314980, 
    315070, 
    315260, 
    315340, 
    315440, 
    315480, 
    315550, 
    315610, 
    315640, 
    315670, 
    315680, 
    315830, 
    315850, 
    315920, 
    315930, 
    315940, 
    316020, 
    316030, 
    316110, 
    316140, 
    316180, 
    316460, 
    316480, 
    316570, 
    316660, 
    316700, 
    316720, 
    316740, 
    316810, 
    316830, 
    316840, 
    316970, 
    317020, 
    317030, 
    317110, 
    317170, 
    317360, 
    317380, 
    317410, 
    317440, 
    317470, 
    317510, 
    317610, 
    317620, 
    317710, 
    317720, 
    317760, 
    317950, 
    317970, 
    318100, 
    318220, 
    318310, 
    318350, 
    318430, 
    318440, 
    318570, 
    318950, 
    319150, 
    319180, 
    319250, 
    319270, 
    319280, 
    319320, 
    319400, 
    319510, 
    319550, 
    319560, 
    319750, 
    319830, 
    319850, 
    319980, 
    320000, 
    320110, 
    320120, 
    320320, 
    320340, 
    320840, 
    321030, 
    321110, 
    321150, 
    321190, 
    321310, 
    321350, 
    321410, 
    321480, 
    321560, 
    321800, 
    321830, 
    321840, 
    321870, 
    321980, 
    322580, 
    322980, 
    323430, 
    323610, 
    323700, 
    324110, 
    324120, 
    324170, 
    324280, 
    324390, 
    324510, 
    324610, 
    324770, 
    324850, 
    325090, 
    325100, 
    325110, 
    325320, 
    325630, 
    325730, 
    325860, 
    325910, 
    326160, 
    326180, 
    326230, 
    326410, 
    326420, 
    326840, 
    326960, 
    326990, 
    327260, 
    327380, 
    327390, 
    327400, 
    327410, 
    327440, 
    327740, 
    327860, 
    327930, 
    327950, 
    328070, 
    328080, 
    328460, 
    328470, 
    328550, 
    328600, 
    328780, 
    328990, 
    329000, 
    329020, 
    329310, 
    329320, 
    329480, 
    329650, 
    329830, 
    329860, 
    329950, 
    330710, 
    331290, 
    331470, 
    332360, 
    332480, 
    332800
]